16.9762823308838,8.52367745229772,7.61870708988419,8.76950570565001,10.3812478419807,8.65879679579847,12.1911386690917,4.71084312515648,6.82344493290176,6.98322112327442,7.33716716973431,3.11429681298285,4.33612502581024,9.36239655408606,12.3082321226415,9.52073602899249,11.1375911901461,8.66078548321124,9.20680757275243,8.31461875852174,9.16927153556663,7.70612554963934,9.94188523849644,7.2815076621584,10.8429045647047,7.38949906227923,11.9695534814671,6.71915161597326,-2.63542892402909,4.56415473198784,6.60473013667298,9.07238142565615,6.13748533187374,6.36490817221307,5.9743824815613,7.3838667314058,10.9635685806819,7.28212033135189,7.46427163723556,2.50202735776432,4.84014153215151,10.1873288783421,7.34247454278841,8.37685285607286,3.98252280128792,6.96341298543426,4.51047159186109,3.5700085405638,3.24539267151513
8.52367745229772,39.3875603922672,9.23608715404201,9.77017193511829,8.58526731040644,7.42316124798327,16.6313712662453,2.98027519634251,2.42022613161512,6.25652997600542,8.18349180487223,-0.00528554164974038,11.9103034913163,9.50289533929583,12.3934302295781,8.29419889304176,5.07691503606281,6.76662506046876,8.87829080977233,11.8225291680148,10.1484094941474,5.40073179022914,9.11093066431408,7.77606050037919,12.5232566340127,11.1481111985854,15.5737503488393,8.65190531489236,-0.226416130714969,7.39101181204034,6.99572151386735,4.36900384343656,6.50904916834809,5.23504215911915,6.85034493632992,6.573426564288,14.067564587881,8.54592817898054,10.1759440618767,-3.24607031998639,7.89255814712714,14.1685914087472,5.57225746552285,11.9281118534917,7.19842340629816,2.13949355647644,4.36987472348006,4.10046226932783,4.10593459127964
7.61870708988419,9.23608715404201,25.9421971614992,4.20313937772062,5.207677761195,6.05420386058887,7.10532407233976,4.34367841361305,4.77526470268939,5.70615472619313,6.29590690669806,3.28668036494613,4.22816404425961,-0.490556003393309,0.543919199527342,7.99962853832753,0.81000086725423,9.52388644472692,7.87075998774775,10.9758821807451,7.99470878383902,10.6745440730458,1.36339239700721,7.29311897551098,2.06359263822057,7.17961953490323,6.31480899122553,9.48239604215534,17.7914368502732,10.1451471916271,4.61292048980921,4.98528252094508,10.380847021016,9.05405438604117,10.7218863678026,6.23910152964841,2.46187472369777,10.5916007886894,20.0974864838223,18.0567491942732,8.36432389036699,6.26721395616182,8.41735270094558,-0.159201346336263,13.7932301270828,5.26552793325949,6.06569782956305,5.99700130604034,11.5607722091047
8.76950570565001,9.77017193511829,4.20313937772062,17.8476830039003,10.024124939411,7.64417221209082,9.0942397742892,5.74778512584373,8.79660066425664,8.83537975463454,6.84463985034101,2.00390579289515,5.19379194872219,11.6474162661745,10.4887902818443,9.4789032515761,13.0429612754069,8.61749350649217,7.76889925761496,5.71639476363699,7.45369186039116,9.4757024976497,13.2465125508201,8.29718161728189,9.22326521061781,8.80226628736252,6.07275660281167,4.88771936659256,3.74232398042019,9.57579929999692,12.629002369176,12.3800648656762,8.75935355000324,7.06353749402308,5.59363265713198,6.73197400600736,9.07172904624416,5.54003605927567,2.35483797520615,2.24179016383477,8.6825207347212,9.69675902171723,7.84726793447609,8.22816889477781,5.22556109118085,4.47514167795136,7.37286757848355,5.5786378741268,3.56013600782275
10.3812478419807,8.58526731040644,5.207677761195,10.024124939411,16.6328975618709,9.34774486983197,11.6445246931199,5.58115665658817,9.60092440777591,8.05298938989597,8.60740694459922,4.46981507276413,3.7686140685988,11.0153232235108,15.0492106950386,8.54383475259076,12.610150184761,8.1490860033855,8.67632187571787,7.8611077663481,7.8879800668691,5.66592641700219,14.1914325858672,8.80664924560411,12.5925812637842,6.73134647216987,10.0278154891149,4.78150998539041,-4.98718961755751,4.50724460866137,10.9592154110735,10.931100936677,5.85507796883938,7.75054260783847,7.08846101240407,8.41396376787823,12.7654334849423,4.55151682386759,4.49789844072112,2.20161692295137,5.82644114086519,10.1066187427778,6.87978381223643,10.9588145167155,2.97120170692961,6.37769950830556,4.66223132548651,3.44430394876297,1.7139861527677
8.65879679579847,7.42316124798327,6.05420386058887,7.64417221209082,9.34774486983197,14.0717633743298,13.3849731056132,8.62144451439485,7.52080323497768,6.96073478287432,9.61267293077322,1.89964873849235,-2.14543866761433,11.8485388761268,10.3936404691696,8.12878601812765,9.15668811821343,8.02658684766739,9.56884027398615,8.84838383731843,7.7898307362352,6.3228652289932,9.04818886074014,9.71761790597196,12.0722196503824,11.5072235811508,9.52819774408068,7.40016626450316,5.80778536711613,6.93655084728177,7.97191569260835,8.00516728692879,6.39051351719375,7.47186411424086,7.69982794516238,9.81822757563644,12.1446982920251,11.0317154303274,10.9557948044353,5.66305869067421,6.19147133511125,13.5453408491407,6.65942223942092,7.21455953330019,6.30801343953529,5.0810873213722,6.58847386208707,7.22767420864928,6.65370338309579
12.1911386690917,16.6313712662453,7.10532407233976,9.0942397742892,11.6445246931199,13.3849731056132,52.5009842444817,12.681968720188,7.68127052367783,7.84127607552926,18.1521072361839,-13.0300360495201,-7.79134047975063,14.1285834754317,16.0752230260614,9.66027970494094,12.9027054888039,8.62602579826433,10.9089350166421,14.4678127687261,10.5163289764779,6.60724511503554,11.4848020016205,9.81076412877047,19.6519424704156,20.5799504800311,20.86944359866,10.5177816407279,-3.04521709904674,3.21664172060312,9.23871598201216,8.4872367108748,5.77516906128652,6.96980538649098,7.66300503330991,13.0256832296592,23.2719019111218,20.5366046528937,33.3046161379727,-0.791503002150385,5.90047009158193,38.7497164488727,12.1108079535552,10.974387372006,2.70199269527849,8.04140738726201,5.74848434941186,2.88484717145707,7.38756799871397
4.71084312515648,2.98027519634251,4.34367841361305,5.74778512584373,5.58115665658817,8.62144451439485,12.681968720188,26.2335102963109,9.36749648563677,4.83029302840371,5.2747307031934,1.11644595832246,3.78348927437583,9.45741731913597,7.45244272932542,7.6152044576863,5.78228592222944,6.4312852297288,6.72499813601955,12.488475862677,8.64342566089816,6.19698407989236,6.33312285358525,7.71190685858987,8.54478880992918,14.0085597749193,10.5263183480693,12.33709645409,14.2884485052729,7.72945235899574,9.71069634386936,5.89983809619565,5.90918864017838,6.86735905088892,6.23043676582818,7.22175084920303,6.16787008233702,11.1208520797956,19.0668167103873,10.3474451699163,5.8156149110518,10.5834461263643,10.9731997781324,6.97857761156026,8.14371096542497,4.65875295792901,8.07692276253001,9.15632956027279,3.07628031379417
6.82344493290176,2.42022613161512,4.77526470268939,8.79660066425664,9.60092440777591,7.52080323497768,7.68127052367783,9.36749648563677,17.5556519999104,9.55975318632242,6.60276638762732,4.6525820429657,0.863967892317363,8.94167922266312,10.5832504047151,8.34026925255575,8.24810798133531,6.98614710726224,6.57928934323852,7.25464619835651,6.49673799823134,6.32176502299684,10.9533228765438,7.35380008612666,8.82935434760075,6.9303998219582,7.21588532957085,5.62595566415669,3.47923158415846,6.57689103340367,14.228422548902,11.4388913674128,7.57961780120849,7.99306825306433,5.27655960370181,7.05386690822318,7.34442836833869,4.90300814458847,3.8657252485416,7.53635691624297,6.52157039377837,6.87934517159502,7.27205058958069,10.1049732874898,10.7552425659034,8.36747672777981,9.60963816893984,7.30172972469258,3.38274165430553
6.98322112327442,6.25652997600542,5.70615472619313,8.83537975463454,8.05298938989597,6.96073478287432,7.84127607552926,4.83029302840371,9.55975318632242,14.2139332301621,6.34947482204488,5.03943237305323,4.56217071634238,6.73084414081055,7.74070228664808,6.75212019219856,8.87575264393211,6.42947281007222,6.10049927619344,2.81090165462371,6.82162759642204,7.64667782648975,8.99453639996829,5.81832236190905,7.0379476429519,6.83130683601298,7.50956999138588,5.71657120996053,4.99836883106211,9.89610184999195,8.26530354067092,10.3427464956055,8.41119426925609,7.32625438083599,6.88532425790963,6.03525997549509,7.60145175344642,5.72565698543645,8.04589607674849,8.51513666959873,9.20681461386339,7.46984457595325,6.59251359583899,8.8668100528552,7.99718135759655,11.1292133775878,8.29122246605404,9.06669681216828,5.23960085152206
7.33716716973431,8.18349180487223,6.29590690669806,6.84463985034101,8.60740694459922,9.61267293077322,18.1521072361839,5.2747307031934,6.60276638762732,6.34947482204488,21.5352533335463,0.884429718265499,-3.97460336533797,7.88021418323328,8.15693147436995,6.51870231245894,8.30902396176528,6.97156444424556,7.89176382844644,8.70789855082877,6.15835439178195,5.83880503323561,7.51648398531014,8.68073665833034,11.1990096768981,10.7053272358072,9.31197596794099,5.71549851645896,3.36116711681466,4.30899546481164,5.70755504906089,6.61304546498585,6.04136595062442,7.45329951806736,8.73493306285551,12.4457502514935,14.1259360024947,12.5709799405468,11.8129358687679,4.38729211579727,6.6014057524231,21.1294815699762,1.87868323914762,7.66086705084558,4.71836830977936,5.65099837886363,6.77878055380662,4.71155437327981,14.9071460774505
3.11429681298285,-0.00528554164974038,3.28668036494613,2.00390579289515,4.46981507276413,1.89964873849235,-13.0300360495201,1.11644595832246,4.6525820429657,5.03943237305323,0.884429718265499,36.1029594888368,19.5848946197822,0.415318212683434,2.26330926259946,2.17054341152957,0.629544493614285,2.43302369850053,2.05491027359934,1.79924583156338,3.51005639473339,3.27682458615362,2.7850887927887,2.36378233365416,-0.168690134675364,-2.69127337833265,3.34229475116441,1.87002798566754,4.66411019802047,9.75149964801817,2.15892168174753,5.27799836907978,3.13203052953923,3.8593846173673,5.45173537415481,2.46935345995003,-1.43460126601484,-4.33235566224348,-5.60135679514753,8.44925506333685,3.97549428825826,-12.8089396763898,6.04707056729235,5.82435710315373,6.43608319697113,5.06000671010769,3.55404034456211,7.90693510080224,5.975035541662
4.33612502581024,11.9103034913163,4.22816404425961,5.19379194872219,3.7686140685988,-2.14543866761433,-7.79134047975063,3.78348927437583,0.863967892317363,4.56217071634238,-3.97460336533797,19.5848946197822,57.5569865709527,2.35027623470186,5.05238066883095,3.08722456904351,4.12855737226704,2.3801592126851,2.10470854930034,6.94428373796939,5.96423385888073,5.07454182973526,3.20754135352405,0.390952048711861,0.680475413983644,-2.23952495784891,7.72970940079992,5.33828495260058,-4.19404502107816,7.90593004484399,3.3070779957945,2.58153254611936,3.20108784469558,0.670769641066416,2.89023787731096,-1.29161605203537,-0.164584685258975,-5.34789021682754,-0.494995476724922,-0.636130128807625,5.80225036189175,-12.7050688434078,8.307520130754,11.3934301289652,1.92608952967927,6.81328187950554,1.16965954105863,0.0140084890347503,-2.10695811833435
9.36239655408606,9.50289533929583,-0.490556003393309,11.6474162661745,11.0153232235108,11.8485388761268,14.1285834754317,9.45741731913597,8.94167922266312,6.73084414081055,7.88021418323328,0.415318212683434,2.35027623470186,24.7549247571027,18.3234088723076,9.7992251882234,18.951790275403,7.15326599651661,9.53684742353905,8.46770157409164,7.86828048420915,4.04675556787747,15.0096256896555,9.07285026225515,15.9610206853477,9.80962139085471,8.77219962081917,6.32664699009359,-6.29121490460675,5.20968593071564,13.5690988682597,9.28782877875702,4.29093471222194,4.83690405234423,2.89889386253969,7.90712454737996,13.8856560523745,6.48291670833975,1.2115507519796,-7.30864979641848,4.52834893067194,13.7299711514615,6.85818095714936,13.0369282305789,0.147059376407562,5.16797557881351,6.45990724414085,2.98379298181669,-0.119782535444635
12.3082321226415,12.3934302295781,0.543919199527342,10.4887902818443,15.0492106950386,10.3936404691696,16.0752230260614,7.45244272932542,10.5832504047151,7.74070228664808,8.15693147436995,2.26330926259946,5.05238066883095,18.3234088723076,26.8036069388033,9.6205078368183,19.2355006114201,6.49902989220715,9.57349013757894,8.80930162585046,9.56643403319615,2.62105216878852,17.9203792071003,7.56045163118568,19.3238581959587,6.35891687541729,13.6702587104561,5.50755672043894,-16.836361356056,-0.108614690406556,14.6437828677123,10.4176811225091,2.20453957922952,4.30091582168585,1.50338459461916,7.55027046576327,17.3015876278411,2.59414203804022,0.302319771024451,-8.90484642293015,2.38736326923754,12.3254159661456,6.475849959311,17.1146448009057,-2.11393940970721,7.10656369877382,3.80663216645461,-0.124602367298948,-4.59410597595856
9.52073602899249,8.29419889304176,7.99962853832753,9.4789032515761,8.54383475259076,8.12878601812765,9.66027970494094,7.6152044576863,8.34026925255575,6.75212019219856,6.51870231245894,2.17054341152957,3.08722456904351,9.7992251882234,9.6205078368183,12.7256269752058,8.13472406399582,9.50654109681751,9.05667781064645,8.15936644381858,8.97608315487414,9.31875431460738,9.13798127693286,8.71568491881363,8.44798625121447,8.72291239249941,9.13255797539098,7.70361848566995,6.28050655160842,7.18839915191135,9.8807776290354,8.17452003611473,8.19865870220731,7.77380128918875,6.69021148964021,7.21046469547981,7.82952054059545,8.2641788022588,7.53163833939242,3.37277103400848,6.88201038194016,9.19101815310971,5.51367741166745,6.95187757099968,7.03305916384211,5.11691154037743,7.24252087296467,5.75768844394349,5.11863404859723
11.1375911901461,5.07691503606281,0.81000086725423,13.0429612754069,12.610150184761,9.15668811821343,12.9027054888039,5.78228592222944,8.24810798133531,8.87575264393211,8.30902396176528,0.629544493614285,4.12855737226704,18.951790275403,19.2355006114201,8.13472406399582,41.391043737375,6.4225198359681,7.03947056562319,3.97202104887726,6.40388923838575,4.26939322788774,17.8849532618083,6.42482255995558,14.6080288252431,3.61335801903984,2.87226723200684,3.64446642459694,-16.3695716828151,0.838262041924291,16.4873877617185,11.5789966466703,3.1738889456268,4.22622258427903,0.30905360097396,6.87686666523537,13.6917349671369,1.43887594025925,1.54017581499639,-9.3855933595892,2.25720184172022,12.4481827828483,9.28823290442614,15.2190926796033,-8.05657635671297,10.6347691273472,3.71943214203914,-4.05333018818539,-2.14516204614199
8.66078548321124,6.76662506046876,9.52388644472692,8.61749350649217,8.1490860033855,8.02658684766739,8.62602579826433,6.4312852297288,6.98614710726224,6.42947281007222,6.97156444424556,2.43302369850053,2.3801592126851,7.15326599651661,6.49902989220715,9.50654109681751,6.4225198359681,12.5286015155238,10.0271678282928,8.86413026230711,7.67574147577707,10.1740712867198,7.65722145955567,9.56033171864941,6.90595774435702,8.49836211847003,7.88372609107897,7.30578639345479,10.6541785412724,7.35519275509981,7.55582807705114,7.33023827806998,9.45634483337448,9.00442207479704,8.52002930763085,7.68242344149866,6.6025291998197,9.6525864723292,9.90842185701516,7.63292670506603,8.07940917782546,8.93636930180155,5.0934320118568,5.25075601931388,8.08416345757478,5.54108147933496,7.25637386061224,6.48472163616932,7.76251219082982
9.20680757275243,8.87829080977233,7.87075998774775,7.76889925761496,8.67632187571787,9.56884027398615,10.9089350166421,6.72499813601955,6.57928934323852,6.10049927619344,7.89176382844644,2.05491027359934,2.10470854930034,9.53684742353905,9.57349013757894,9.05667781064645,7.03947056562319,10.0271678282928,12.3839794791652,9.54878283785844,8.37504887313997,8.52097467005424,7.96969640470491,9.83692565354341,10.0966577879708,9.1288212383907,10.1758026489793,7.86419610157482,7.17204853686995,5.80660048015144,7.15389424582409,6.95692582700391,8.15231635645208,7.96008640126968,7.75047138381097,8.39410579857749,9.31947557370816,10.1606718046689,9.35392789015309,5.2130707829954,7.21628338198107,10.6261911837706,4.58625082189929,7.44818896990437,6.9782346432731,5.55951656893629,6.89156718086305,5.86855752655086,6.69795329694377
8.31461875852174,11.8225291680148,10.9758821807451,5.71639476363699,7.8611077663481,8.84838383731843,14.4678127687261,12.488475862677,7.25464619835651,2.81090165462371,8.70789855082877,1.79924583156338,6.94428373796939,8.46770157409164,8.80930162585046,8.15936644381858,3.97202104887726,8.86413026230711,9.54878283785844,31.7787044003009,9.64971135250456,6.62399208717373,6.12281941241988,9.51719015615884,11.3316276302081,13.959006341148,13.8256028688696,8.34228368172755,7.06010845813121,3.85275538102889,6.44258475295657,3.77782112748029,7.08814347883312,7.49004313029618,8.39329919618815,8.61452682021415,9.72524158095101,12.9168987460804,18.8624111177192,8.13000872889049,5.40028915783351,13.1810474943352,6.49621040692473,7.47703291802293,7.70282606850964,1.73883629189789,5.03637694048865,3.9363563001552,6.08087064518946
9.16927153556663,10.1484094941474,7.99470878383902,7.45369186039116,7.8879800668691,7.7898307362352,10.5163289764779,8.64342566089816,6.49673799823134,6.82162759642204,6.15835439178195,3.51005639473339,5.96423385888073,7.86828048420915,9.56643403319615,8.97608315487414,6.40388923838575,7.67574147577707,8.37504887313997,9.64971135250456,12.8900312619858,8.62521065592042,7.2619278426522,7.37076473402171,8.91097786216535,9.60511500238274,12.1809047379676,9.69289735883358,7.37897504161658,8.16298666067771,5.98694696210564,7.14164891217096,6.77820529977098,6.51548719983285,7.53066717022654,6.97012551452966,8.74528669076099,8.78614360460023,11.5017381919699,7.32848175638943,6.76978002064379,9.12649583223965,6.61761366555576,7.71366826696736,6.77051367137091,6.53788507979777,5.59837950475286,7.02251428040443,4.48977090241788
7.70612554963934,5.40073179022914,10.6745440730458,9.4757024976497,5.66592641700219,6.3228652289932,6.60724511503554,6.19698407989236,6.32176502299684,7.64667782648975,5.83880503323561,3.27682458615362,5.07454182973526,4.04675556787747,2.62105216878852,9.31875431460738,4.26939322788774,10.1740712867198,8.52097467005424,6.62399208717373,8.62521065592042,15.5842185341012,5.03920654389008,8.10762507630324,3.25167848912468,9.41151911678962,6.87854304654748,8.52915171486121,17.4677280106508,12.2427287589672,6.58302163402239,8.60477231366117,10.9062117454731,8.52696546610087,9.19202855807014,6.59417892724425,3.92358230902332,10.3250296382252,12.7877409852628,13.3019201404997,9.84898475293939,7.45733638836072,6.84794366846385,2.92413132363495,10.0642083516177,7.75716415013723,7.33441525163412,8.22608828061829,9.58855510703452
9.94188523849644,9.11093066431408,1.36339239700721,13.2465125508201,14.1914325858672,9.04818886074014,11.4848020016205,6.33312285358525,10.9533228765438,8.99453639996829,7.51648398531014,2.7850887927887,3.20754135352405,15.0096256896555,17.9203792071003,9.13798127693286,17.8849532618083,7.65722145955567,7.96969640470491,6.12281941241988,7.2619278426522,5.03920654389008,19.5561873643682,8.31888594181027,13.8477379223742,6.10524620222921,8.11100621404078,3.8661970328877,-8.75516032851034,4.45239750570556,15.0555869668489,12.3211565559799,6.14431698801407,7.11060440311307,3.72507630850912,7.23047417393516,13.1008941917046,2.44710663980134,-0.462240206395762,-3.51966854359442,5.53308638077246,10.261003828613,7.18741160330316,13.1673134293342,1.02331872640179,6.12879528211621,5.90628387787313,2.81978361830864,-1.27237163498701
7.2815076621584,7.77606050037919,7.29311897551098,8.29718161728189,8.80664924560411,9.71761790597196,9.81076412877047,7.71190685858987,7.35380008612666,5.81832236190905,8.68073665833034,2.36378233365416,0.390952048711861,9.07285026225515,7.56045163118568,8.71568491881363,6.42482255995558,9.56033171864941,9.83692565354341,9.51719015615884,7.37076473402171,8.10762507630324,8.31888594181027,13.0435754021356,8.61445716060264,9.77429002205686,7.62566916823196,7.37026200446686,9.90839784416693,7.37789806819107,9.20197988257183,7.07298251350276,8.43153828973911,9.19404360022559,8.73924767913931,9.57117074784458,8.56490386138762,10.0861740477967,9.32073999585678,5.42020673834138,7.71644329057465,10.8691910272606,5.61142395825782,6.0835611661627,8.1413946950796,4.0606262813511,7.74648076025846,7.44129679572895,8.22556571025925
10.8429045647047,12.5232566340127,2.06359263822057,9.22326521061781,12.5925812637842,12.0722196503824,19.6519424704156,8.54478880992918,8.82935434760075,7.0379476429519,11.1990096768981,-0.168690134675364,0.680475413983644,15.9610206853477,19.3238581959587,8.44798625121447,14.6080288252431,6.90595774435702,10.0966577879708,11.3316276302081,8.91097786216535,3.25167848912468,13.8477379223742,8.61445716060264,21.3220263688359,10.9257966955609,14.7800590704261,6.32650411193068,-8.34705781956001,0.937764492446108,9.83138603243484,8.74288008779876,3.54016498589964,5.45813475371511,4.1644111567198,9.81485759390213,18.1354107220687,9.87432967442394,7.23403932673372,-4.50580193562636,3.92775821092974,17.4438574066381,5.38884880727842,14.2006365094799,0.592600653044272,5.65209001297055,5.27409676871051,2.4733668238476,1.1027099732529
7.38949906227923,11.1481111985854,7.17961953490323,8.80226628736252,6.73134647216987,11.5072235811508,20.5799504800311,14.0085597749193,6.9303998219582,6.83130683601298,10.7053272358072,-2.69127337833265,-2.23952495784891,9.80962139085471,6.35891687541729,8.72291239249941,3.61335801903984,8.49836211847003,9.1288212383907,13.959006341148,9.60511500238274,9.41151911678962,6.10524620222921,9.77429002205686,10.9257966955609,28.5581295713722,13.2442186751003,10.8233634361402,17.5861373273106,12.5096006776524,6.90675374365849,7.00314417519406,8.14052176401473,8.22268386671808,10.6023097081017,10.2395200108445,11.6519430861559,18.5101693277328,24.1258871297454,13.0612256639153,9.49798582574142,21.2883768803568,12.0790084291171,3.18361786527438,10.8729280223356,2.37598291938128,7.76850847222823,10.9848482468754,10.0347871949675
11.9695534814671,15.5737503488393,6.31480899122553,6.07275660281167,10.0278154891149,9.52819774408068,20.86944359866,10.5263183480693,7.21588532957085,7.50956999138588,9.31197596794099,3.34229475116441,7.72970940079992,8.77219962081917,13.6702587104561,9.13255797539098,2.87226723200684,7.88372609107897,10.1758026489793,13.8256028688696,12.1809047379676,6.87854304654748,8.11100621404078,7.62566916823196,14.7800590704261,13.2442186751003,37.7107123722892,10.5974132347992,-0.582892301800388,8.55001880864788,3.00336644144383,7.20373596127036,6.84034721395931,7.20394578505435,8.25986324387403,9.02474215522372,15.2927013799977,12.3282754612055,16.247563358146,2.48761368037216,6.76916028441345,15.4574724626588,10.636747741573,14.982160187567,7.05682310554154,6.91687340370095,6.42123595778953,6.09756315055344,4.2428349645585
6.71915161597326,8.65190531489236,9.48239604215534,4.88771936659256,4.78150998539041,7.40016626450316,10.5177816407279,12.33709645409,5.62595566415669,5.71657120996053,5.71549851645896,1.87002798566754,5.33828495260058,6.32664699009359,5.50755672043894,7.70361848566995,3.64446642459694,7.30578639345479,7.86419610157482,8.34228368172755,9.69289735883358,8.52915171486121,3.8661970328877,7.37026200446686,6.32650411193068,10.8233634361402,10.5974132347992,16.3752260917428,16.1082360953083,9.41960966979585,5.57240957929549,5.34930618401676,7.67950883343904,7.21877580929363,7.89741578923273,6.99987530602475,6.12597207746031,11.6577662124399,16.8112198303746,10.5392333528579,7.65832297864796,9.50239713971361,8.25555511490571,5.34806672091176,10.1290890548431,6.4894518741299,7.28979658143661,9.29209287765039,7.26458857756674
-2.63542892402909,-0.226416130714969,17.7914368502732,3.74232398042019,-4.98718961755751,5.80778536711613,-3.04521709904674,14.2884485052729,3.47923158415846,4.99836883106211,3.36116711681466,4.66411019802047,-4.19404502107816,-6.29121490460675,-16.836361356056,6.28050655160842,-16.3695716828151,10.6541785412724,7.17204853686995,7.06010845813121,7.37897504161658,17.4677280106508,-8.75516032851034,9.90839784416693,-8.34705781956001,17.5861373273106,-0.582892301800388,16.1082360953083,71.3409146881481,27.7623255837921,-0.746438894089202,3.06550390824572,15.3223508316966,13.1057133515135,17.3250905060431,6.82346225285546,-9.60216164123833,20.2673337445882,29.064393487564,42.4157460755597,16.4004741057437,2.9130352822918,10.1531046849578,-12.4178913713435,28.3289503777948,1.50645522962231,12.9386709071947,25.1184935654048,22.963671522715
4.56415473198784,7.39101181204034,10.1451471916271,9.57579929999692,4.50724460866137,6.93655084728177,3.21664172060312,7.72945235899574,6.57689103340367,9.89610184999195,4.30899546481164,9.75149964801817,7.90593004484399,5.20968593071564,-0.108614690406556,7.18839915191135,0.838262041924291,7.35519275509981,5.80660048015144,3.85275538102889,8.16298666067771,12.2427287589672,4.45239750570556,7.37789806819107,0.937764492446108,12.5096006776524,8.55001880864788,9.41960966979585,27.7623255837921,39.8097980760626,8.47204933669872,10.1519341209875,10.4580345102229,9.46016218206698,11.5719416130537,5.32673470698263,1.2413105518611,8.6412588952278,18.8812903559813,22.7890844754811,12.7341328458433,4.17726079920991,17.419678354129,1.90403230189402,16.4286279509584,6.76034699207884,9.00306951863612,16.4243559227044,11.0045491883204
6.60473013667298,6.99572151386735,4.61292048980921,12.629002369176,10.9592154110735,7.97191569260835,9.23871598201216,9.71069634386936,14.228422548902,8.26530354067092,5.70755504906089,2.15892168174753,3.3070779957945,13.5690988682597,14.6437828677123,9.8807776290354,16.4873877617185,7.55582807705114,7.15389424582409,6.44258475295657,5.98694696210564,6.58302163402239,15.0555869668489,9.20197988257183,9.83138603243484,6.90675374365849,3.00336644144383,5.57240957929549,-0.746438894089202,8.47204933669872,31.1792752642996,12.177172070662,7.16915681117969,7.93349534752884,3.15364546860827,5.9592597907279,7.67393953859484,2.70351035478519,3.39182344626972,-2.64442175679628,6.00954641729428,8.20034858061102,9.31277431633369,9.33916188038351,6.39565511218433,6.18468406700717,7.55228046620224,3.17405371288821,0.118820779108551
9.07238142565615,4.36900384343656,4.98528252094508,12.3800648656762,10.931100936677,8.00516728692879,8.4872367108748,5.89983809619565,11.4388913674128,10.3427464956055,6.61304546498585,5.27799836907978,2.58153254611936,9.28782877875702,10.4176811225091,8.17452003611473,11.5789966466703,7.33023827806998,6.95692582700391,3.77782112748029,7.14164891217096,8.60477231366117,12.3211565559799,7.07298251350276,8.74288008779876,7.00314417519406,7.20373596127036,5.34930618401676,3.06550390824572,10.1519341209875,12.177172070662,18.4171930901433,8.82017182915535,7.50045154389688,5.93670676672767,6.93838369933887,8.76082248815004,4.88219220707776,4.81577002625088,7.31318679098894,7.34596375512728,7.85492644515212,11.177254981265,8.59401518349004,6.94023612746371,9.09576977104635,7.32794654474917,7.29709482638188,3.41869050077383
6.13748533187374,6.50904916834809,10.380847021016,8.75935355000324,5.85507796883938,6.39051351719375,5.77516906128652,5.90918864017838,7.57961780120849,8.41119426925609,6.04136595062442,3.13203052953923,3.20108784469558,4.29093471222194,2.20453957922952,8.19865870220731,3.1738889456268,9.45634483337448,8.15231635645208,7.08814347883312,6.77820529977098,10.9062117454731,6.14431698801407,8.43153828973911,3.54016498589964,8.14052176401473,6.84034721395931,7.67950883343904,15.3223508316966,10.4580345102229,7.16915681117969,8.82017182915535,14.9773777351699,10.4732303434911,9.4473007262418,6.87574540425361,3.86075823234427,9.59115751320149,9.73121414360906,11.8621900833229,11.5967898197577,6.86026495656353,4.663135731357,4.82008249305382,11.9247132317118,6.19689494258986,9.82791937419579,9.42566783941773,9.98280243378036
6.36490817221307,5.23504215911915,9.05405438604117,7.06353749402308,7.75054260783847,7.47186411424086,6.96980538649098,6.86735905088892,7.99306825306433,7.32625438083599,7.45329951806736,3.8593846173673,0.670769641066416,4.83690405234423,4.30091582168585,7.77380128918875,4.22622258427903,9.00442207479704,7.96008640126968,7.49004313029618,6.51548719983285,8.52696546610087,7.11060440311307,9.19404360022559,5.45813475371511,8.22268386671808,7.20394578505435,7.21877580929363,13.1057133515135,9.46016218206698,7.93349534752884,7.50045154389688,10.4732303434911,12.9398506269773,10.0012403985016,8.27819579290233,5.35260533295293,9.14269170971737,10.3345514555179,10.6376626708591,9.72730610358284,7.87281072325553,6.01469388862568,5.03445201918732,10.3372031256425,5.2980845044138,8.92025184240024,9.23845370175746,9.4340573868668
5.9743824815613,6.85034493632992,10.7218863678026,5.59363265713198,7.08846101240407,7.69982794516238,7.66300503330991,6.23043676582818,5.27655960370181,6.88532425790963,8.73493306285551,5.45173537415481,2.89023787731096,2.89889386253969,1.50338459461916,6.69021148964021,0.30905360097396,8.52002930763085,7.75047138381097,8.39329919618815,7.53066717022654,9.19202855807014,3.72507630850912,8.73924767913931,4.1644111567198,10.6023097081017,8.25986324387403,7.89741578923273,17.3250905060431,11.5719416130537,3.15364546860827,5.93670676672767,9.4473007262418,10.0012403985016,16.1314179492135,9.56125095171598,6.22977719599284,11.3386730517454,15.0736217408547,16.1802439603575,10.7031069831788,9.10629260023939,4.61341419306179,2.90948106090113,11.4556518500491,5.12500309244242,7.08570780544463,10.8846915874978,12.3570879624593
7.3838667314058,6.573426564288,6.23910152964841,6.73197400600736,8.41396376787823,9.81822757563644,13.0256832296592,7.22175084920303,7.05386690822318,6.03525997549509,12.4457502514935,2.46935345995003,-1.29161605203537,7.90712454737996,7.55027046576327,7.21046469547981,6.87686666523537,7.68242344149866,8.39410579857749,8.61452682021415,6.97012551452966,6.59417892724425,7.23047417393516,9.57117074784458,9.81485759390213,10.2395200108445,9.02474215522372,6.99987530602475,6.82346225285546,5.32673470698263,5.9592597907279,6.93838369933887,6.87574540425361,8.27819579290233,9.56125095171598,14.0463691544787,12.0436008190241,11.2786152818435,10.50667073796,6.11657960570948,7.04541647319539,14.5251860962232,4.08672872706387,6.92426799767529,6.36732396226572,5.2349815032171,7.31341775376351,7.08998672998935,11.009257413092
10.9635685806819,14.067564587881,2.46187472369777,9.07172904624416,12.7654334849423,12.1446982920251,23.2719019111218,6.16787008233702,7.34442836833869,7.60145175344642,14.1259360024947,-1.43460126601484,-0.164584685258975,13.8856560523745,17.3015876278411,7.82952054059545,13.6917349671369,6.6025291998197,9.31947557370816,9.72524158095101,8.74528669076099,3.92358230902332,13.1008941917046,8.56490386138762,18.1354107220687,11.6519430861559,15.2927013799977,6.12597207746031,-9.60216164123833,1.2413105518611,7.67393953859484,8.76082248815004,3.86075823234427,5.35260533295293,6.22977719599284,12.0436008190241,28.6223762828005,10.6907398663742,10.2853228030043,-3.03928178799614,4.86860756318792,21.6024980026264,4.28677357189886,13.6107689879041,0.175547360892661,7.18313410033407,4.38649972686106,2.57062979278487,4.55821632551737
7.28212033135189,8.54592817898054,10.5916007886894,5.54003605927567,4.55151682386759,11.0317154303274,20.5366046528937,11.1208520797956,4.90300814458847,5.72565698543645,12.5709799405468,-4.33235566224348,-5.34789021682754,6.48291670833975,2.59414203804022,8.2641788022588,1.43887594025925,9.6525864723292,10.1606718046689,12.9168987460804,8.78614360460023,10.3250296382252,2.44710663980134,10.0861740477967,9.87432967442394,18.5101693277328,12.3282754612055,11.6577662124399,20.2673337445882,8.6412588952278,2.70351035478519,4.88219220707776,9.59115751320149,9.14269170971737,11.3386730517454,11.2786152818435,10.6907398663742,28.7482030845204,26.3768078624151,13.1331541955769,9.36897661772368,22.2102371415576,6.11688899225576,2.29341370124451,11.1480297831261,5.32719926876469,8.32838361324899,10.5800053223299,14.6021792404257
7.46427163723556,10.1759440618767,20.0974864838223,2.35483797520615,4.49789844072112,10.9557948044353,33.3046161379727,19.0668167103873,3.8657252485416,8.04589607674849,11.8129358687679,-5.60135679514753,-0.494995476724922,1.2115507519796,0.302319771024451,7.53163833939242,1.54017581499639,9.90842185701516,9.35392789015309,18.8624111177192,11.5017381919699,12.7877409852628,-0.462240206395762,9.32073999585678,7.23403932673372,24.1258871297454,16.247563358146,16.8112198303746,29.064393487564,18.8812903559813,3.39182344626972,4.81577002625088,9.73121414360906,10.3345514555179,15.0736217408547,10.50667073796,10.2853228030043,26.3768078624151,88.1606522541243,26.052765722703,9.87007360760861,28.5801737469871,24.491944824423,-0.103836249133074,13.4610163395963,12.2564522443847,5.74849106969169,13.0922380854977,14.5385849723584
2.50202735776432,-3.24607031998639,18.0567491942732,2.24179016383477,2.20161692295137,5.66305869067421,-0.791503002150385,10.3474451699163,7.53635691624297,8.51513666959873,4.38729211579727,8.44925506333685,-0.636130128807625,-7.30864979641848,-8.90484642293015,3.37277103400848,-9.3855933595892,7.63292670506603,5.2130707829954,8.13000872889049,7.32848175638943,13.3019201404997,-3.51966854359442,5.42020673834138,-4.50580193562636,13.0612256639153,2.48761368037216,10.5392333528579,42.4157460755597,22.7890844754811,-2.64442175679628,7.31318679098894,11.8621900833229,10.6376626708591,16.1802439603575,6.11657960570948,-3.03928178799614,13.1331541955769,26.052765722703,56.4831858702538,13.0478597742357,1.60918982209449,8.91949241482315,-5.64941836786733,24.6330033903839,6.8784474822415,7.98976422897314,19.1908143860143,16.0864276685034
4.84014153215151,7.89255814712714,8.36432389036699,8.6825207347212,5.82644114086519,6.19147133511125,5.90047009158193,5.8156149110518,6.52157039377837,9.20681461386339,6.6014057524231,3.97549428825826,5.80225036189175,4.52834893067194,2.38736326923754,6.88201038194016,2.25720184172022,8.07940917782546,7.21628338198107,5.40028915783351,6.76978002064379,9.84898475293939,5.53308638077246,7.71644329057465,3.92775821092974,9.49798582574142,6.76916028441345,7.65832297864796,16.4004741057437,12.7341328458433,6.00954641729428,7.34596375512728,11.5967898197577,9.72730610358284,10.7031069831788,7.04541647319539,4.86860756318792,9.36897661772368,9.87007360760861,13.0478597742357,16.0951518657583,7.35160280167601,3.65129055420703,5.38162419530456,11.5814622711519,6.18092298891563,10.3407307670369,11.6227814044645,10.3443484096435
10.1873288783421,14.1685914087472,6.26721395616182,9.69675902171723,10.1066187427778,13.5453408491407,38.7497164488727,10.5834461263643,6.87934517159502,7.46984457595325,21.1294815699762,-12.8089396763898,-12.7050688434078,13.7299711514615,12.3254159661456,9.19101815310971,12.4481827828483,8.93636930180155,10.6261911837706,13.1810474943352,9.12649583223965,7.45733638836072,10.261003828613,10.8691910272606,17.4438574066381,21.2883768803568,15.4574724626588,9.50239713971361,2.9130352822918,4.17726079920991,8.20034858061102,7.85492644515212,6.86026495656353,7.87281072325553,9.10629260023939,14.5251860962232,21.6024980026264,22.2102371415576,28.5801737469871,1.60918982209449,7.35160280167601,53.8506893327183,5.90872837842014,8.34477453091968,3.58049140987466,6.85027740541514,7.08005724945608,4.86326895626245,13.4832877924307
7.34247454278841,5.57225746552285,8.41735270094558,7.84726793447609,6.87978381223643,6.65942223942092,12.1108079535552,10.9731997781324,7.27205058958069,6.59251359583899,1.87868323914762,6.04707056729235,8.307520130754,6.85818095714936,6.475849959311,5.51367741166745,9.28823290442614,5.0934320118568,4.58625082189929,6.49621040692473,6.61761366555576,6.84794366846385,7.18741160330316,5.61142395825782,5.38884880727842,12.0790084291171,10.636747741573,8.25555511490571,10.1531046849578,17.419678354129,9.31277431633369,11.177254981265,4.663135731357,6.01469388862568,4.61341419306179,4.08672872706387,4.28677357189886,6.11688899225576,24.491944824423,8.91949241482315,3.65129055420703,5.90872837842014,53.0369416167927,2.70598200826125,8.4648366667049,4.76730161762942,4.66412980843056,7.18888194303433,0.486658245285124
8.37685285607286,11.9281118534917,-0.159201346336263,8.22816889477781,10.9588145167155,7.21455953330019,10.974387372006,6.97857761156026,10.1049732874898,8.8668100528552,7.66086705084558,5.82435710315373,11.3934301289652,13.0369282305789,17.1146448009057,6.95187757099968,15.2190926796033,5.25075601931388,7.44818896990437,7.47703291802293,7.71366826696736,2.92413132363495,13.1673134293342,6.0835611661627,14.2006365094799,3.18361786527438,14.982160187567,5.34806672091176,-12.4178913713435,1.90403230189402,9.33916188038351,8.59401518349004,4.82008249305382,5.03445201918732,2.90948106090113,6.92426799767529,13.6107689879041,2.29341370124451,-0.103836249133074,-5.64941836786733,5.38162419530456,8.34477453091968,2.70598200826125,37.176724851761,3.22218382904719,11.2452528676064,7.31030344738701,2.41577975397908,0.0565757189430682
3.98252280128792,7.19842340629816,13.7932301270828,5.22556109118085,2.97120170692961,6.30801343953529,2.70199269527849,8.14371096542497,10.7552425659034,7.99718135759655,4.71836830977936,6.43608319697113,1.92608952967927,0.147059376407562,-2.11393940970721,7.03305916384211,-8.05657635671297,8.08416345757478,6.9782346432731,7.70282606850964,6.77051367137091,10.0642083516177,1.02331872640179,8.1413946950796,0.592600653044272,10.8729280223356,7.05682310554154,10.1290890548431,28.3289503777948,16.4286279509584,6.39565511218433,6.94023612746371,11.9247132317118,10.3372031256425,11.4556518500491,6.36732396226572,0.175547360892661,11.1480297831261,13.4610163395963,24.6330033903839,11.5814622711519,3.58049140987466,8.4648366667049,3.22218382904719,30.7995094210009,5.73988663085299,12.069243927882,16.6517681743853,12.7675098490114
6.96341298543426,2.13949355647644,5.26552793325949,4.47514167795136,6.37769950830556,5.0810873213722,8.04140738726201,4.65875295792901,8.36747672777981,11.1292133775878,5.65099837886363,5.06000671010769,6.81328187950554,5.16797557881351,7.10656369877382,5.11691154037743,10.6347691273472,5.54108147933496,5.55951656893629,1.73883629189789,6.53788507979777,7.75716415013723,6.12879528211621,4.0606262813511,5.65209001297055,2.37598291938128,6.91687340370095,6.4894518741299,1.50645522962231,6.76034699207884,6.18468406700717,9.09576977104635,6.19689494258986,5.2980845044138,5.12500309244242,5.2349815032171,7.18313410033407,5.32719926876469,12.2564522443847,6.8784474822415,6.18092298891563,6.85027740541514,4.76730161762942,11.2452528676064,5.73988663085299,26.1311122157174,6.63395485690711,5.79353853491017,4.38874662529593
4.51047159186109,4.36987472348006,6.06569782956305,7.37286757848355,4.66223132548651,6.58847386208707,5.74848434941186,8.07692276253001,9.60963816893984,8.29122246605404,6.77878055380662,3.55404034456211,1.16965954105863,6.45990724414085,3.80663216645461,7.24252087296467,3.71943214203914,7.25637386061224,6.89156718086305,5.03637694048865,5.59837950475286,7.33441525163412,5.90628387787313,7.74648076025846,5.27409676871051,7.76850847222823,6.42123595778953,7.28979658143661,12.9386709071947,9.00306951863612,7.55228046620224,7.32794654474917,9.82791937419579,8.92025184240024,7.08570780544463,7.31341775376351,4.38649972686106,8.32838361324899,5.74849106969169,7.98976422897314,10.3407307670369,7.08005724945608,4.66412980843056,7.31030344738701,12.069243927882,6.63395485690711,16.1758100357951,10.9388372375456,9.41969029172535
3.5700085405638,4.10046226932783,5.99700130604034,5.5786378741268,3.44430394876297,7.22767420864928,2.88484717145707,9.15632956027279,7.30172972469258,9.06669681216828,4.71155437327981,7.90693510080224,0.0140084890347503,2.98379298181669,-0.124602367298948,5.75768844394349,-4.05333018818539,6.48472163616932,5.86855752655086,3.9363563001552,7.02251428040443,8.22608828061829,2.81978361830864,7.44129679572895,2.4733668238476,10.9848482468754,6.09756315055344,9.29209287765039,25.1184935654048,16.4243559227044,3.17405371288821,7.29709482638188,9.42566783941773,9.23845370175746,10.8846915874978,7.08998672998935,2.57062979278487,10.5800053223299,13.0922380854977,19.1908143860143,11.6227814044645,4.86326895626245,7.18888194303433,2.41577975397908,16.6517681743853,5.79353853491017,10.9388372375456,28.7337115245947,10.9875654494564
